110
0 135 146 1
1 230 204 2
2 110 141 3
3 101 126 3
4 94 142 3
5 205 205 2
6 63 120 3
7 83 92 3
8 107 160 1
9 198 205 2
10 107 111 3
11 77 113 3
12 122 121 1
13 199 221 2
14 63 125 3
15 87 124 3
16 97 136 3
17 216 181 2
18 71 113 3
19 70 91 3
20 130 144 1
21 232 220 2
22 110 114 3
23 74 93 3
24 99 142 3
25 236 180 2
26 97 110 3
27 107 98 3
28 106 125 3
29 205 193 2
30 97 138 3
31 81 120 3
32 100 164 1
33 237 195 2
34 73 105 3
35 101 81 3
36 125 152 1
37 237 209 2
38 110 110 3
39 67 87 3
40 127 120 1
41 205 198 2
42 76 108 3
43 110 108 3
44 109 134 3
45 189 180 2
46 69 116 3
47 112 95 3
48 105 168 1
49 226 202 2
50 70 125 3
51 96 123 3
52 101 152 3
53 220 187 2
54 108 133 3
55 87 111 3
56 129 161 1
57 198 179 2
58 66 104 3
59 102 101 3
60 112 160 1
61 219 207 2
62 71 129 3
63 64 102 3
64 120 159 1
65 193 216 2
66 79 135 3
67 101 106 3
68 112 141 1
69 229 195 2
70 70 114 3
71 70 125 3
72 99 135 3
73 193 191 2
74 86 143 3
75 104 126 3
76 126 140 1
77 219 223 2
78 63 129 3
79 90 111 3
80 113 150 1
81 216 216 2
82 81 115 3
83 86 119 3
84 129 135 1
85 202 224 -1
86 95 119 3
87 113 122 3
88 129 125 1
89 199 189 2
90 62 99 3
91 77 117 3
92 114 165 1
93 226 203 2
94 90 114 3
95 77 80 3
96 137 160 1
97 232 194 2
98 69 117 3
99 78 77 3
100 135 78 -1
101 149 119 -1
102 101 0 -1
103 65 41 -1
104 157 76 -1
105 107 110 3
106 180 173 -1
107 50 156 -1
108 169 141 -1
109 85 199 -1
